1 0 200;
2 100 190;
2 101.414 189.989;
2 102.827 189.956;
1 0 200;
2 104.24 189.9;
2 105.651 189.822;
1 2 198;
2 107.061 189.723;
2 108.47 189.601;
1 4 196;
2 109.876 189.456;
2 111.28 189.29;
1 6 194;
2 112.681 189.102;
2 114.079 188.892;
1 8 192;
2 115.474 188.66;
2 116.864 188.406;
1 10 190;
2 118.251 188.13;
2 119.633 187.833;
2 121.01 187.513;
1 12 188;
2 122.382 187.172;
2 123.749 186.81;
1 14 186;
2 125.109 186.426;
2 126.464 186.021;
1 16 184;
2 127.812 185.595;
2 129.153 185.148;
1 18 182;
2 130.486 184.679;
2 131.813 184.19;
1 20 180;
2 133.131 183.68;
2 134.441 183.149;
1 22 178;
2 135.743 182.598;
2 137.036 182.026;
2 138.32 181.434;
1 24 176;
2 139.594 180.823;
2 140.859 180.191;
1 26 174;
2 142.114 179.539;
2 143.358 178.868;
1 28 172;
2 144.591 178.177;
2 145.814 177.467;
1 30 170;
2 147.025 176.738;
2 148.224 175.99;
1 32 168;
2 149.412 175.223;
2 150.587 174.437;
1 34 166;
2 151.75 173.633;
2 152.901 172.812;
2 154.038 171.972;
1 36 164;
2 155.162 171.114;
2 156.272 170.239;
1 38 162;
2 157.368 169.346;
2 158.45 168.437;
1 40 160;
2 159.518 167.51;
2 160.571 166.567;
1 42 158;
2 161.609 165.607;
2 162.632 164.631;
1 44 156;
2 163.64 163.64;
2 164.631 162.632;
1 46 154;
2 165.607 161.609;
2 166.567 160.571;
2 167.51 159.518;
1 48 152;
2 168.436 158.45;
2 169.346 157.368;
1 50 150;
2 170.239 156.272;
2 171.114 155.162;
1 52 148;
2 171.972 154.038;
2 172.811 152.901;
1 54 146;
2 173.633 151.751;
2 174.437 150.588;
1 56 144;
2 175.223 149.412;
2 175.989 148.224;
1 58 142;
2 176.738 147.025;
2 177.467 145.814;
2 178.177 144.591;
1 60 140;
2 178.868 143.358;
2 179.539 142.114;
1 62 138;
2 180.191 140.859;
2 180.822 139.595;
1 64 136;
2 181.434 138.32;
2 182.026 137.036;
1 66 134;
2 182.598 135.743;
2 183.149 134.442;
1 68 132;
2 183.68 133.131;
2 184.19 131.813;
1 70 130;
2 184.679 130.486;
2 185.148 129.153;
2 185.595 127.812;
1 72 128;
2 186.021 126.464;
2 186.426 125.109;
1 74 126;
2 186.81 123.749;
2 187.172 122.382;
1 76 124;
2 187.513 121.01;
2 187.832 119.633;
1 78 122;
2 188.13 118.251;
2 188.406 116.864;
1 80 120;
2 188.66 115.474;
2 188.892 114.079;
1 82 118;
2 189.102 112.681;
2 189.29 111.28;
2 189.456 109.876;
1 84 116;
2 189.601 108.47;
2 189.723 107.061;
1 86 114;
2 189.822 105.651;
2 189.9 104.24;
1 88 112;
2 189.956 102.827;
2 189.989 101.414;
1 90 110;
2 190 100;
2 189.989 98.5865;
1 92 108;
2 189.956 97.1731;
2 189.9 95.7605;
1 94 106;
2 189.822 94.349;
2 189.723 92.9388;
2 189.601 91.5304;
1 96 104;
2 189.456 90.124;
2 189.29 88.7201;
1 98 102;
2 189.102 87.319;
2 188.892 85.921;
1 100 100;
2 188.66 84.5265;
2 188.406 83.1358;
1 102 98;
2 188.13 81.7493;
2 187.833 80.3672;
1 104 96;
2 187.513 78.99;
2 187.173 77.618;
1 106 94;
2 186.81 76.2516;
2 186.426 74.8909;
2 186.021 73.5365;
1 108 92;
2 185.595 72.1886;
2 185.148 70.8476;
1 110 90;
2 184.679 69.5137;
2 184.19 68.1874;
1 112 88;
2 183.68 66.8689;
2 183.149 65.5586;
1 114 86;
2 182.598 64.2568;
2 182.026 62.9638;
1 116 84;
2 181.434 61.68;
2 180.823 60.4056;
1 118 82;
2 180.191 59.141;
2 179.539 57.8864;
2 178.868 56.6423;
1 120 80;
2 178.177 55.4089;
2 177.467 54.1864;
1 122 78;
2 176.738 52.9753;
2 175.99 51.7757;
1 124 76;
2 175.223 50.5881;
2 174.437 49.4126;
1 126 74;
2 173.634 48.2497;
2 172.812 47.0995;
1 128 72;
2 171.972 45.9623;
2 171.114 44.8385;
1 130 70;
2 170.239 43.7283;
2 169.346 42.632;
2 168.437 41.5498;
1 132 68;
2 167.51 40.4821;
2 166.567 39.429;
1 134 66;
2 165.607 38.3909;
2 164.632 37.368;
1 136 64;
2 163.64 36.3605;
2 162.632 35.3688;
1 138 62;
2 161.609 34.3929;
2 160.571 33.4333;
1 140 60;
2 159.518 32.4901;
2 158.45 31.5636;
1 142 58;
2 157.368 30.6539;
2 156.272 29.7614;
2 155.162 28.8862;
1 144 56;
2 154.038 28.0285;
2 152.901 27.1886;
1 146 54;
2 151.751 26.3666;
2 150.588 25.5629;
1 148 52;
2 149.412 24.7774;
2 148.225 24.0106;
1 150 50;
2 147.025 23.2625;
2 145.814 22.5333;
1 152 48;
2 144.591 21.8233;
2 143.358 21.1325;
1 154 46;
2 142.114 20.4612;
2 140.859 19.8095;
2 139.595 19.1776;
1 156 44;
2 138.32 18.5657;
2 137.036 17.9738;
1 158 42;
2 135.743 17.4022;
2 134.442 16.8509;
1 160 40;
2 133.131 16.3202;
2 131.813 15.8101;
1 162 38;
2 130.487 15.3208;
2 129.153 14.8524;
1 164 36;
2 127.812 14.405;
2 126.464 13.9787;
1 166 34;
2 125.109 13.5736;
2 123.749 13.1899;
2 122.382 12.8276;
1 168 32;
2 121.01 12.4868;
2 119.633 12.1675;
1 170 30;
2 118.251 11.87;
2 116.865 11.5942;
1 172 28;
2 115.474 11.3402;
2 114.079 11.1081;
1 174 26;
2 112.681 10.8979;
2 111.28 10.7097;
1 176 24;
2 109.876 10.5435;
2 108.47 10.3994;
1 178 22;
2 107.062 10.2775;
2 105.651 10.1776;
2 104.24 10.0999;
1 180 20;
2 102.827 10.0444;
2 101.414 10.0111;
1 182 18;
2 100 10;
2 98.5866 10.0111;
1 184 16;
2 97.1733 10.0444;
2 95.7607 10.0999;
1 186 14;
2 94.3491 10.1776;
2 92.9389 10.2774;
1 188 12;
2 91.5305 10.3994;
2 90.1242 10.5435;
1 190 10;
2 88.7203 10.7096;
2 87.3191 10.8978;
2 85.9211 11.108;
1 192 8;
2 84.5266 11.3401;
2 83.1359 11.5941;
1 194 6;
2 81.7494 11.8699;
2 80.3673 12.1674;
1 196 4;
2 78.9902 12.4866;
2 77.6181 12.8275;
1 198 2;
2 76.2517 13.1898;
2 74.891 13.5735;
1 200 0;
2 73.5366 13.9786;
2 72.1887 14.4048;
2 70.8477 14.8522;
2 69.5138 15.3206;
2 68.1875 15.8099;
2 66.869 16.32;
2 65.5587 16.8507;
2 64.2569 17.402;
2 62.9639 17.9736;
2 61.6801 18.5655;
2 60.4057 19.1774;
2 59.1411 19.8093;
2 57.8866 20.461;
2 56.6424 21.1323;
2 55.409 21.823;
2 54.1865 22.5331;
2 52.9754 23.2622;
2 51.7758 24.0103;
2 50.5882 24.7772;
2 49.4127 25.5626;
2 48.2497 26.3664;
2 47.0995 27.1883;
2 45.9624 28.0282;
2 44.8386 28.8859;
2 43.7284 29.7611;
2 42.6321 30.6536;
2 41.5499 31.5633;
2 40.4822 32.4898;
2 39.4291 33.433;
2 38.391 34.3926;
2 37.3681 35.3684;
2 36.3606 36.3602;
2 35.3688 37.3676;
1 200 200;
2 34.393 38.3905;
2 33.4334 39.4287;
2 32.4902 40.4817;
2 31.5637 41.5494;
2 30.654 42.6316;
2 29.7615 43.7279;
2 28.8862 44.8381;
1 200 200;
2 28.0286 45.9619;
2 27.1886 47.0991;
2 26.3667 48.2493;
2 25.5629 49.4123;
2 24.7775 50.5877;
2 24.0107 51.7753;
2 23.2626 52.9748;
2 22.5334 54.186;
1 198 198;
2 21.8233 55.4084;
2 21.1326 56.6419;
2 20.4613 57.886;
2 19.8096 59.1406;
2 19.1777 60.4052;
2 18.5657 61.6796;
2 17.9738 62.9634;
2 17.4022 64.2564;
1 196 196;
2 16.851 65.5582;
2 16.3202 66.8685;
2 15.8102 68.187;
2 15.3208 69.5133;
2 14.8524 70.8471;
2 14.405 72.1882;
2 13.9787 73.5361;
1 194 194;
2 13.5737 74.8905;
2 13.1899 76.2511;
2 12.8276 77.6176;
2 12.4868 78.9896;
2 12.1676 80.3668;
2 11.87 81.7488;
2 11.5942 83.1353;
2 11.3402 84.526;
1 192 192;
2 11.1081 85.9205;
2 10.8979 87.3185;
2 10.7097 88.7197;
2 10.5436 90.1236;
2 10.3995 91.5299;
2 10.2775 92.9383;
2 10.1776 94.3485;
2 10.0999 95.7601;
1 190 190;
2 10.0444 97.1727;
2 10.0111 98.586;
2 10 99.9996;
2 10.0111 101.413;
2 10.0444 102.827;
2 10.0999 104.239;
2 10.1776 105.651;
1 188 188;
2 10.2774 107.061;
2 10.3994 108.469;
2 10.5435 109.876;
2 10.7096 111.28;
2 10.8978 112.681;
2 11.108 114.079;
2 11.3401 115.473;
2 11.5941 116.864;
1 186 186;
2 11.8699 118.25;
2 12.1674 119.633;
2 12.4866 121.01;
2 12.8274 122.382;
2 13.1897 123.748;
2 13.5735 125.109;
2 13.9785 126.463;
2 14.4048 127.811;
1 184 184;
2 14.8522 129.152;
2 15.3206 130.486;
2 15.8099 131.812;
2 16.32 133.131;
2 16.8507 134.441;
2 17.4019 135.743;
2 17.9735 137.036;
1 182 182;
2 18.5654 138.32;
2 19.1774 139.594;
2 19.8092 140.859;
2 20.4609 142.113;
2 21.1322 143.357;
2 21.823 144.591;
2 22.533 145.813;
2 23.2622 147.025;
1 180 180;
2 24.0103 148.224;
2 24.7771 149.412;
2 25.5625 150.587;
2 26.3663 151.75;
2 27.1882 152.9;
2 28.0281 154.037;
2 28.8858 155.161;
2 29.761 156.272;
1 178 178;
2 30.6535 157.368;
2 31.5632 158.45;
2 32.4897 159.518;
2 33.4329 160.571;
2 34.3925 161.609;
2 35.3683 162.632;
2 36.3601 163.639;
1 176 176;
2 37.3675 164.631;
2 38.3905 165.607;
2 39.4286 166.567;
2 40.4816 167.51;
2 41.5494 168.436;
2 42.6315 169.346;
2 43.7278 170.238;
2 44.838 171.114;
1 174 174;
2 45.9619 171.971;
2 47.099 172.811;
2 48.2492 173.633;
2 49.4122 174.437;
2 50.5876 175.222;
2 51.7752 175.989;
2 52.9747 176.737;
2 54.1859 177.467;
1 172 172;
2 55.4083 178.177;
2 56.6418 178.867;
2 57.8859 179.539;
2 59.1405 180.19;
2 60.4051 180.822;
2 61.6795 181.434;
2 62.9633 182.026;
1 170 170;
2 64.2563 182.598;
2 65.5581 183.149;
2 66.8684 183.68;
2 68.1869 184.19;
2 69.5132 184.679;
2 70.847 185.148;
2 72.188 185.595;
2 73.5359 186.021;
1 168 168;
2 74.8904 186.426;
2 76.251 186.81;
2 77.6175 187.172;
2 78.9895 187.513;
2 80.3667 187.832;
2 81.7487 188.13;
2 83.1352 188.406;
2 84.5259 188.66;
1 166 166;
2 85.9204 188.892;
2 87.3184 189.102;
2 88.7195 189.29;
2 90.1234 189.456;
2 91.5298 189.601;
2 92.9382 189.723;
2 94.3484 189.822;
1 164 164;
2 95.7599 189.9;
2 97.1726 189.956;
2 98.5859 189.989;
2 100 190;
2 99.9995 190;
1 162 162;
1 160 160;
2 100 190;
1 158 158;
2 101.414 189.989;
1 156 156;
2 102.827 189.956;
1 154 154;
2 104.24 189.9;
1 152 152;
2 105.651 189.822;
1 150 150;
2 107.061 189.723;
1 148 148;
2 108.47 189.601;
1 146 146;
2 109.876 189.456;
1 144 144;
2 111.28 189.29;
1 142 142;
2 112.681 189.102;
1 140 140;
2 114.079 188.892;
1 138 138;
2 115.474 188.66;
1 136 136;
2 116.864 188.406;
1 134 134;
2 118.251 188.13;
1 132 132;
2 119.633 187.833;
1 130 130;
2 121.01 187.513;
1 128 128;
2 122.382 187.172;
1 126 126;
2 123.749 186.81;
1 124 124;
2 125.109 186.426;
1 122 122;
2 126.464 186.021;
1 120 120;
2 127.812 185.595;
1 118 118;
2 129.153 185.148;
1 116 116;
2 130.486 184.679;
1 114 114;
2 131.813 184.19;
1 112 112;
2 133.131 183.68;
1 110 110;
2 134.441 183.149;
1 108 108;
2 135.743 182.598;
1 106 106;
2 137.036 182.026;
1 104 104;
2 138.32 181.434;
1 102 102;
2 139.594 180.823;
1 100 100;
2 140.859 180.191;
1 98 98;
2 142.114 179.539;
1 96 96;
2 143.358 178.868;
1 94 94;
2 144.591 178.177;
1 92 92;
2 145.814 177.467;
1 90 90;
2 147.025 176.738;
1 88 88;
2 148.224 175.99;
1 86 86;
2 149.412 175.223;
1 84 84;
2 150.587 174.437;
1 82 82;
2 151.75 173.633;
1 80 80;
2 152.901 172.812;
1 78 78;
2 154.038 171.972;
1 76 76;
2 155.162 171.114;
1 74 74;
2 156.272 170.239;
1 72 72;
2 157.368 169.346;
1 70 70;
2 158.45 168.437;
1 68 68;
2 159.518 167.51;
1 66 66;
2 160.571 166.567;
1 64 64;
2 161.609 165.607;
1 62 62;
2 162.632 164.631;
1 60 60;
2 163.64 163.64;
1 58 58;
2 164.631 162.632;
1 56 56;
2 165.607 161.609;
1 54 54;
2 166.567 160.571;
1 52 52;
2 167.51 159.518;
1 50 50;
2 168.436 158.45;
1 48 48;
2 169.346 157.368;
1 46 46;
2 170.239 156.272;
1 44 44;
2 171.114 155.162;
1 42 42;
2 171.972 154.038;
1 40 40;
2 172.811 152.901;
1 38 38;
2 173.633 151.751;
1 36 36;
2 174.437 150.588;
1 34 34;
2 175.223 149.412;
1 32 32;
2 175.989 148.224;
1 30 30;
2 176.738 147.025;
1 28 28;
2 177.467 145.814;
1 26 26;
2 178.177 144.591;
1 24 24;
2 178.868 143.358;
1 22 22;
2 179.539 142.114;
1 20 20;
2 180.191 140.859;
1 18 18;
2 180.822 139.595;
1 16 16;
2 181.434 138.32;
1 14 14;
2 182.026 137.036;
1 12 12;
2 182.598 135.743;
1 10 10;
2 183.149 134.442;
1 8 8;
2 183.68 133.131;
1 6 6;
2 184.19 131.813;
1 4 4;
2 184.679 130.486;
1 2 2;
2 185.148 129.153;
1 0 0;
2 185.595 127.812;
2 186.021 126.464;
2 186.426 125.109;
2 186.81 123.749;
2 187.172 122.382;
2 187.513 121.01;
2 187.832 119.633;
2 188.13 118.251;
1 0 200;
1 0 200;
1 2 198;
1 4 196;
1 6 194;
1 8 192;
1 10 190;
1 12 188;
1 14 186;
1 16 184;
2 188.406 116.864;
1 18 182;
1 20 180;
1 22 178;
1 24 176;
1 26 174;
1 28 172;
1 30 170;
1 32 168;
1 34 166;
1 36 164;
1 38 162;
1 40 160;
1 42 158;
1 44 156;
1 46 154;
2 188.66 115.474;
1 48 152;
1 50 150;
1 52 148;
1 54 146;
1 56 144;
1 58 142;
1 60 140;
1 62 138;
1 64 136;
1 66 134;
1 68 132;
1 70 130;
1 72 128;
1 74 126;
1 76 124;
2 188.892 114.079;
1 78 122;
1 80 120;
1 82 118;
1 84 116;
1 86 114;
1 88 112;
1 90 110;
1 92 108;
1 94 106;
1 96 104;
1 98 102;
1 100 100;
1 102 98;
1 104 96;
1 106 94;
1 108 92;
2 189.102 112.681;
1 110 90;
1 112 88;
1 114 86;
1 116 84;
1 118 82;
1 120 80;
1 122 78;
1 124 76;
1 126 74;
1 128 72;
1 130 70;
1 132 68;
1 134 66;
1 136 64;
1 138 62;
2 189.29 111.28;
1 140 60;
1 142 58;
1 144 56;
1 146 54;
1 148 52;
1 150 50;
1 152 48;
1 154 46;
1 156 44;
1 158 42;
1 160 40;
1 162 38;
1 164 36;
1 166 34;
1 168 32;
2 189.456 109.876;
1 170 30;
1 172 28;
1 174 26;
1 176 24;
1 178 22;
1 180 20;
1 182 18;
1 184 16;
1 186 14;
1 188 12;
1 190 10;
1 192 8;
1 194 6;
1 196 4;
1 198 2;
1 200 0;
2 189.601 108.47;
2 189.723 107.061;
2 189.822 105.651;
2 189.9 104.24;
1 200 200;
2 189.956 102.827;
2 189.989 101.414;
1 200 200;
2 190 100;
2 189.989 98.5865;
1 198 198;
2 189.956 97.1731;
2 189.9 95.7605;
1 196 196;
2 189.822 94.349;
1 194 194;
2 189.723 92.9388;
2 189.601 91.5304;
1 192 192;
2 189.456 90.124;
2 189.29 88.7201;
1 190 190;
2 189.102 87.319;
1 188 188;
2 188.892 85.921;
2 188.66 84.5265;
1 186 186;
2 188.406 83.1358;
2 188.13 81.7493;
1 184 184;
2 187.833 80.3672;
2 187.513 78.99;
1 182 182;
2 187.173 77.618;
1 180 180;
2 186.81 76.2516;
2 186.426 74.8909;
1 178 178;
2 186.021 73.5365;
2 100 190;
2 101.414 189.989;
2 102.827 189.956;
2 104.24 189.9;
2 105.651 189.822;
2 107.061 189.723;
2 108.47 189.601;
1 176 176;
2 109.876 189.456;
2 111.28 189.29;
2 112.681 189.102;
2 114.079 188.892;
2 115.474 188.66;
2 116.864 188.406;
2 118.251 188.13;
2 119.633 187.833;
2 121.01 187.513;
2 122.382 187.172;
2 123.749 186.81;
2 125.109 186.426;
2 126.464 186.021;
2 127.812 185.595;
2 129.153 185.148;
2 130.486 184.679;
2 131.813 184.19;
2 133.131 183.68;
2 134.441 183.149;
2 135.743 182.598;
2 137.036 182.026;
2 138.32 181.434;
2 139.594 180.823;
2 140.859 180.191;
2 142.114 179.539;
2 143.358 178.868;
2 144.591 178.177;
1 174 174;
2 145.814 177.467;
2 147.025 176.738;
2 148.224 175.99;
2 149.412 175.223;
2 150.587 174.437;
2 151.75 173.633;
2 152.901 172.812;
2 154.038 171.972;
2 155.162 171.114;
2 156.272 170.239;
2 157.368 169.346;
2 158.45 168.437;
2 159.518 167.51;
2 160.571 166.567;
2 161.609 165.607;
2 162.632 164.631;
2 163.64 163.64;
2 164.631 162.632;
2 165.607 161.609;
2 166.567 160.571;
2 167.51 159.518;
2 168.436 158.45;
2 169.346 157.368;
2 170.239 156.272;
2 171.114 155.162;
2 171.972 154.038;
1 172 172;
2 172.811 152.901;
2 173.633 151.751;
2 174.437 150.588;
2 175.223 149.412;
2 175.989 148.224;
2 176.738 147.025;
2 177.467 145.814;
2 178.177 144.591;
2 178.868 143.358;
2 179.539 142.114;
2 180.191 140.859;
2 180.822 139.595;
2 181.434 138.32;
2 182.026 137.036;
2 182.598 135.743;
2 183.149 134.442;
2 183.68 133.131;
2 184.19 131.813;
2 184.679 130.486;
2 185.148 129.153;
2 185.595 127.812;
2 186.021 126.464;
2 186.426 125.109;
2 186.81 123.749;
2 187.172 122.382;
2 187.513 121.01;
2 187.832 119.633;
1 170 170;
2 188.13 118.251;
2 188.406 116.864;
2 188.66 115.474;
2 188.892 114.079;
2 189.102 112.681;
2 189.29 111.28;
2 189.456 109.876;
2 189.601 108.47;
2 189.723 107.061;
2 189.822 105.651;
2 189.9 104.24;
2 189.956 102.827;
2 189.989 101.414;
2 190 100;
2 189.989 98.5865;
2 189.956 97.1731;
2 189.9 95.7605;
2 189.822 94.349;
2 189.723 92.9388;
2 189.601 91.5304;
2 189.456 90.124;
2 189.29 88.7201;
2 189.102 87.319;
2 188.892 85.921;
2 188.66 84.5265;
2 188.406 83.1358;
2 188.13 81.7493;
1 168 168;
2 187.833 80.3672;
2 187.513 78.99;
2 187.173 77.618;
2 186.81 76.2516;
2 186.426 74.8909;
2 186.021 73.5365;
2 185.595 72.1886;
2 185.148 70.8476;
2 184.679 69.5137;
2 184.19 68.1874;
2 183.68 66.8689;
2 183.149 65.5586;
2 100 190;
2 101.414 189.989;
2 102.827 189.956;
1 166 166;
2 104.24 189.9;
2 105.651 189.822;
2 107.061 189.723;
2 108.47 189.601;
2 109.876 189.456;
1 164 164;
2 111.28 189.29;
2 112.681 189.102;
2 114.079 188.892;
2 115.474 188.66;
1 162 162;
2 116.864 188.406;
2 118.251 188.13;
2 119.633 187.833;
2 121.01 187.513;
2 122.382 187.172;
1 160 160;
2 123.749 186.81;
2 125.109 186.426;
2 126.464 186.021;
2 127.812 185.595;
2 129.153 185.148;
1 158 158;
2 130.486 184.679;
2 131.813 184.19;
2 133.131 183.68;
2 134.441 183.149;
1 156 156;
2 135.743 182.598;
2 137.036 182.026;
2 138.32 181.434;
2 139.594 180.823;
2 140.859 180.191;
1 154 154;
2 142.114 179.539;
2 143.358 178.868;
2 144.591 178.177;
2 145.814 177.467;
2 147.025 176.738;
1 152 152;
2 148.224 175.99;
2 149.412 175.223;
2 150.587 174.437;
2 151.75 173.633;
2 152.901 172.812;
1 150 150;
2 154.038 171.972;
2 155.162 171.114;
2 156.272 170.239;
2 157.368 169.346;
1 148 148;
2 158.45 168.437;
2 159.518 167.51;
2 160.571 166.567;
2 161.609 165.607;
2 162.632 164.631;
1 146 146;
2 163.64 163.64;
2 164.631 162.632;
2 165.607 161.609;
2 166.567 160.571;
2 167.51 159.518;
1 144 144;
2 168.436 158.45;
2 169.346 157.368;
2 170.239 156.272;
2 171.114 155.162;
1 142 142;
2 171.972 154.038;
2 172.811 152.901;
2 173.633 151.751;
2 174.437 150.588;
2 175.223 149.412;
1 140 140;
2 175.989 148.224;
2 176.738 147.025;
2 177.467 145.814;
2 178.177 144.591;
2 178.868 143.358;
1 138 138;
2 179.539 142.114;
2 180.191 140.859;
2 180.822 139.595;
2 181.434 138.32;
2 182.026 137.036;
1 136 136;
2 182.598 135.743;
2 183.149 134.442;
2 183.68 133.131;
2 184.19 131.813;
1 134 134;
2 184.679 130.486;
2 185.148 129.153;
2 185.595 127.812;
2 186.021 126.464;
2 186.426 125.109;
1 132 132;
2 186.81 123.749;
2 187.172 122.382;
2 187.513 121.01;
2 187.832 119.633;
2 188.13 118.251;
1 130 130;
2 188.406 116.864;
2 188.66 115.474;
2 188.892 114.079;
2 189.102 112.681;
1 128 128;
2 189.29 111.28;
2 189.456 109.876;
2 189.601 108.47;
2 189.723 107.061;
2 189.822 105.651;
1 126 126;
2 189.9 104.24;
2 189.956 102.827;
2 189.989 101.414;
2 190 100;
2 189.989 98.5865;
1 124 124;
2 189.956 97.1731;
2 189.9 95.7605;
2 189.822 94.349;
2 189.723 92.9388;
1 122 122;
2 189.601 91.5304;
2 189.456 90.124;
2 189.29 88.7201;
2 189.102 87.319;
2 188.892 85.921;
1 120 120;
2 188.66 84.5265;
2 188.406 83.1358;
2 188.13 81.7493;
2 187.833 80.3672;
2 187.513 78.99;
1 118 118;
2 187.173 77.618;
2 186.81 76.2516;
2 186.426 74.8909;
2 186.021 73.5365;
2 185.595 72.1886;
1 116 116;
2 185.148 70.8476;
2 184.679 69.5137;
2 184.19 68.1874;
2 183.68 66.8689;
1 114 114;
2 183.149 65.5586;
2 182.598 64.2568;
2 182.026 62.9638;
2 181.434 61.68;
2 180.823 60.4056;
1 112 112;
2 180.191 59.141;
2 179.539 57.8864;
2 178.868 56.6423;
2 178.177 55.4089;
2 177.467 54.1864;
1 110 110;
2 176.738 52.9753;
2 175.99 51.7757;
2 175.223 50.5881;
2 174.437 49.4126;
1 108 108;
2 173.634 48.2497;
2 172.812 47.0995;
2 171.972 45.9623;
2 171.114 44.8385;
2 170.239 43.7283;
1 106 106;
2 169.346 42.632;
2 168.437 41.5498;
2 167.51 40.4821;
2 166.567 39.429;
2 165.607 38.3909;
1 104 104;
2 164.632 37.368;
2 163.64 36.3605;
2 162.632 35.3688;
2 161.609 34.3929;
2 160.571 33.4333;
1 102 102;
2 159.518 32.4901;
2 158.45 31.5636;
2 157.368 30.6539;
2 156.272 29.7614;
1 100 100;
2 155.162 28.8862;
2 154.038 28.0285;
2 152.901 27.1886;
2 151.751 26.3666;
2 150.588 25.5629;
1 98 98;
2 149.412 24.7774;
2 148.225 24.0106;
2 147.025 23.2625;
2 145.814 22.5333;
2 144.591 21.8233;
1 96 96;
2 143.358 21.1325;
2 142.114 20.4612;
2 140.859 19.8095;
2 139.595 19.1776;
1 94 94;
2 138.32 18.5657;
2 137.036 17.9738;
2 135.743 17.4022;
2 134.442 16.8509;
2 133.131 16.3202;
1 92 92;
2 131.813 15.8101;
2 130.487 15.3208;
2 129.153 14.8524;
2 127.812 14.405;
2 126.464 13.9787;
1 90 90;
2 125.109 13.5736;
2 123.749 13.1899;
2 122.382 12.8276;
2 121.01 12.4868;
1 88 88;
2 119.633 12.1675;
2 118.251 11.87;
2 116.865 11.5942;
2 115.474 11.3402;
2 114.079 11.1081;
1 86 86;
2 112.681 10.8979;
2 111.28 10.7097;
2 109.876 10.5435;
2 108.47 10.3994;
2 107.062 10.2775;
1 84 84;
2 105.651 10.1776;
2 104.24 10.0999;
2 102.827 10.0444;
2 101.414 10.0111;
2 100 10;
1 82 82;
2 98.5866 10.0111;
2 97.1733 10.0444;
2 95.7607 10.0999;
2 94.3491 10.1776;
1 80 80;
2 92.9389 10.2774;
2 91.5305 10.3994;
2 90.1242 10.5435;
2 88.7203 10.7096;
2 87.3191 10.8978;
1 78 78;
2 85.9211 11.108;
2 84.5266 11.3401;
2 83.1359 11.5941;
2 81.7494 11.8699;
2 80.3673 12.1674;
1 76 76;
2 78.9902 12.4866;
2 77.6181 12.8275;
2 76.2517 13.1898;
2 74.891 13.5735;
1 74 74;
2 73.5366 13.9786;
2 72.1887 14.4048;
2 70.8477 14.8522;
2 69.5138 15.3206;
2 68.1875 15.8099;
1 72 72;
2 66.869 16.32;
2 65.5587 16.8507;
2 64.2569 17.402;
2 62.9639 17.9736;
2 61.6801 18.5655;
1 70 70;
2 60.4057 19.1774;
2 59.1411 19.8093;
2 57.8866 20.461;
2 56.6424 21.1323;
2 55.409 21.823;
1 68 68;
2 54.1865 22.5331;
2 52.9754 23.2622;
2 51.7758 24.0103;
2 50.5882 24.7772;
1 66 66;
2 49.4127 25.5626;
2 48.2497 26.3664;
2 47.0995 27.1883;
2 45.9624 28.0282;
2 44.8386 28.8859;
1 64 64;
2 43.7284 29.7611;
2 42.6321 30.6536;
2 41.5499 31.5633;
2 40.4822 32.4898;
2 39.4291 33.433;
1 62 62;
2 38.391 34.3926;
2 37.3681 35.3684;
2 36.3606 36.3602;
2 35.3688 37.3676;
1 60 60;
2 34.393 38.3905;
2 33.4334 39.4287;
2 32.4902 40.4817;
2 31.5637 41.5494;
2 30.654 42.6316;
1 58 58;
2 29.7615 43.7279;
2 28.8862 44.8381;
2 28.0286 45.9619;
2 27.1886 47.0991;
2 26.3667 48.2493;
1 56 56;
2 25.5629 49.4123;
2 24.7775 50.5877;
2 24.0107 51.7753;
2 23.2626 52.9748;
1 54 54;
2 22.5334 54.186;
2 21.8233 55.4084;
2 21.1326 56.6419;
2 20.4613 57.886;
2 19.8096 59.1406;
1 52 52;
2 19.1777 60.4052;
2 18.5657 61.6796;
2 17.9738 62.9634;
2 17.4022 64.2564;
2 16.851 65.5582;
1 50 50;
2 16.3202 66.8685;
2 15.8102 68.187;
2 15.3208 69.5133;
2 14.8524 70.8471;
2 14.405 72.1882;
1 48 48;
2 13.9787 73.5361;
2 13.5737 74.8905;
2 13.1899 76.2511;
2 12.8276 77.6176;
1 46 46;
2 12.4868 78.9896;
2 12.1676 80.3668;
2 11.87 81.7488;
2 11.5942 83.1353;
2 11.3402 84.526;
1 44 44;
2 11.1081 85.9205;
2 10.8979 87.3185;
2 10.7097 88.7197;
2 10.5436 90.1236;
2 10.3995 91.5299;
1 42 42;
2 10.2775 92.9383;
2 10.1776 94.3485;
2 10.0999 95.7601;
2 10.0444 97.1727;
1 40 40;
2 10.0111 98.586;
2 10 99.9996;
2 10.0111 101.413;
2 10.0444 102.827;
2 10.0999 104.239;
1 38 38;
2 10.1776 105.651;
2 10.2774 107.061;
2 10.3994 108.469;
2 10.5435 109.876;
2 10.7096 111.28;
1 36 36;
2 10.8978 112.681;
2 11.108 114.079;
2 11.3401 115.473;
2 11.5941 116.864;
2 11.8699 118.25;
1 34 34;
2 12.1674 119.633;
2 12.4866 121.01;
2 12.8274 122.382;
2 13.1897 123.748;
1 32 32;
2 13.5735 125.109;
2 13.9785 126.463;
2 14.4048 127.811;
2 14.8522 129.152;
2 15.3206 130.486;
1 30 30;
2 15.8099 131.812;
2 16.32 133.131;
2 16.8507 134.441;
2 17.4019 135.743;
2 17.9735 137.036;
1 28 28;
2 18.5654 138.32;
2 19.1774 139.594;
2 19.8092 140.859;
2 20.4609 142.113;
1 26 26;
2 21.1322 143.357;
2 21.823 144.591;
2 22.533 145.813;
2 23.2622 147.025;
2 24.0103 148.224;
1 24 24;
2 24.7771 149.412;
2 25.5625 150.587;
2 26.3663 151.75;
2 27.1882 152.9;
2 28.0281 154.037;
1 22 22;
2 28.8858 155.161;
2 29.761 156.272;
2 30.6535 157.368;
2 31.5632 158.45;
1 20 20;
2 32.4897 159.518;
2 33.4329 160.571;
2 34.3925 161.609;
2 35.3683 162.632;
2 36.3601 163.639;
1 18 18;
2 37.3675 164.631;
2 38.3905 165.607;
2 39.4286 166.567;
2 40.4816 167.51;
2 41.5494 168.436;
1 16 16;
2 42.6315 169.346;
2 43.7278 170.238;
2 44.838 171.114;
2 45.9619 171.971;
2 47.099 172.811;
1 14 14;
2 48.2492 173.633;
2 49.4122 174.437;
2 50.5876 175.222;
2 51.7752 175.989;
1 12 12;
2 52.9747 176.737;
2 54.1859 177.467;
2 55.4083 178.177;
2 56.6418 178.867;
2 57.8859 179.539;
1 10 10;
2 59.1405 180.19;
2 60.4051 180.822;
2 61.6795 181.434;
2 62.9633 182.026;
2 64.2563 182.598;
1 8 8;
2 65.5581 183.149;
2 66.8684 183.68;
2 68.1869 184.19;
2 69.5132 184.679;
1 6 6;
2 70.847 185.148;
2 72.188 185.595;
2 73.5359 186.021;
2 74.8904 186.426;
2 76.251 186.81;
1 4 4;
2 77.6175 187.172;
2 78.9895 187.513;
2 80.3667 187.832;
2 81.7487 188.13;
2 83.1352 188.406;
1 2 2;
2 84.5259 188.66;
2 85.9204 188.892;
2 87.3184 189.102;
2 88.7195 189.29;
2 90.1234 189.456;
1 0 0;
2 91.5298 189.601;
2 92.9382 189.723;
2 94.3484 189.822;
2 95.7599 189.9;
2 97.1726 189.956;
2 98.5859 189.989;
2 100 190;
2 99.9995 190;
1 99 100;
1 98 99;
1 94 96;
1 90 93;
1 88 91;
1 85 89;
1 81 86;
1 78 85;
1 72 82;
1 67 79;
1 63 78;
1 57 77;
1 52 77;
1 49 77;
1 46 77;
1 45 77;
1 43 80;
1 41 84;
1 39 87;
1 37 92;
1 35 97;
1 34 103;
1 34 109;
1 34 114;
1 34 119;
1 34 124;
1 34 130;
1 34 137;
1 34 141;
1 35 147;
1 38 150;
1 43 154;
1 48 156;
1 54 158;
1 62 159;
1 70 162;
1 79 163;
1 89 165;
1 100 165;
1 109 165;
1 115 165;
1 123 165;
1 132 165;
1 136 163;
1 142 160;
1 145 157;
1 151 154;
1 154 150;
1 157 147;
1 158 142;
1 159 138;
1 160 132;
1 160 128;
1 160 121;
1 159 116;
1 155 109;
1 152 103;
1 148 100;
1 144 97;
1 138 94;
1 132 91;
1 127 90;
1 119 88;
1 115 87;
1 108 87;
1 103 87;
1 98 87;
1 91 87;
1 86 87;
1 79 87;
1 75 87;
1 70 87;
1 65 87;
1 61 88;
1 58 88;
1 55 89;
1 53 89;
1 52 87;
1 52 84;
1 52 78;
1 52 70;
1 54 62;
1 58 55 ;
1 63 48;
1 67 43;
1 73 38;
1 77 34;
1 80 31;
1 83 28;
1 86 26;
1 88 25;
1 90 24;
1 93 24;
1 97 24;
1 103 24;
1 109 26;
1 114 30;
1 119 33;
1 127 38;
1 134 42;
1 140 44;
1 144 46;
1 151 49;
1 157 51;
1 162 53;
1 165 54;
1 167 56;
1 168 58;
1 169 61;
1 169 66;
1 168 74;
1 165 85;
1 163 92;
1 161 98;
1 160 103;
1 160 107;
1 160 110;
1 160 115;
1 160 119;
1 159 123;
1 158 124;
1 154 124;
1 145 124;
1 134 124;
1 122 124;
1 111 122;
1 99 120;
1 91 118;
1 82 117;
1 77 116;
1 71 116;
1 67 116;
1 65 117;
1 63 119;
1 61 121;
1 59 124;
1 58 128;
1 57 134;
1 57 140;
1 57 145;
1 57 149;
1 58 153;
1 63 157;
1 68 159;
1 76 163;
1 86 166;
1 96 170;
1 102 172;
1 112 174;
1 119 176;
1 125 177;
1 129 177;
1 134 177;
1 138 177;
1 142 176;
1 145 173;
1 149 170;
1 152 168;
1 155 165;
1 158 161;
1 161 157;
1 163 152;
1 164 148;
1 165 142;
1 165 137;
1 164 131;
1 160 127;
1 155 122;
1 147 117;
1 140 112;
1 130 109;
1 121 107;
1 114 106;
1 107 105;
1 103 104;
1 96 103;
1 92 101;
1 87 98;
1 84 96;
1 81 94;
1 80 91;
1 79 89;
1 78 87;
1 78 83;
1 78 78;
1 78 72;
1 79 67;
1 81 63;
1 82 60;
1 84 58;
1 86 57;
1 88 55;
1 91 53;
1 96 50;
1 101 48;
1 105 46;
1 110 44;
1 114 44;
1 118 44;
1 121 44;
1 124 44;
1 127 44;
1 130 46;
1 134 49;
1 137 51;
1 140 54;
1 143 57;
1 145 58;
1 147 58;
1 149 59;
1 151 62;
1 153 64;
1 155 68;
1 157 74;
1 157 79;
1 155 86;
1 152 91;
1 150 95;
1 148 99;
1 147 102;
1 146 103;
1 144 104;
1 141 107;
1 137 108;
1 134 110;
1 131 112;
1 127 116;
1 122 119;
1 117 122;
1 110 125;
1 104 126;
1 98 128;
1 94 129;
1 91 130;
1 90 132;
1 89 133;
1 88 135;
1 87 137;
1 86 140;
1 85 145;
1 85 151;
1 85 154;
1 89 159;
1 93 162;
1 97 164;
1 102 165;
1 109 165;
1 116 165;
1 121 165;
1 127 164;
1 131 164;
1 133 162;
1 134 162;
1 135 162;
1 136 162;
1 137 162;
