1 0 200;
1 0 200;
1 2 198;
1 4 196;
1 6 194;
1 8 192;
1 10 190;
1 12 188;
1 14 186;
1 16 184;
1 18 182;
1 20 180;
1 22 178;
1 24 176;
1 26 174;
1 28 172;
1 30 170;
1 32 168;
1 34 166;
1 36 164;
1 38 162;
1 40 160;
1 42 158;
1 44 156;
1 46 154;
1 48 152;
1 50 150;
1 52 148;
1 54 146;
1 56 144;
1 58 142;
1 60 140;
1 62 138;
1 64 136;
1 66 134;
1 68 132;
1 70 130;
1 72 128;
1 74 126;
1 76 124;
1 78 122;
1 80 120;
1 82 118;
1 84 116;
1 86 114;
1 88 112;
1 90 110;
1 92 108;
1 94 106;
1 96 104;
1 98 102;
1 100 100;
1 102 98;
1 104 96;
1 106 94;
1 108 92;
1 110 90;
1 112 88;
1 114 86;
1 116 84;
1 118 82;
1 120 80;
1 122 78;
1 124 76;
1 126 74;
1 128 72;
1 130 70;
1 132 68;
1 134 66;
1 136 64;
1 138 62;
1 140 60;
1 142 58;
1 144 56;
1 146 54;
1 148 52;
1 150 50;
1 152 48;
1 154 46;
1 156 44;
1 158 42;
1 160 40;
1 162 38;
1 164 36;
1 166 34;
1 168 32;
1 170 30;
1 172 28;
1 174 26;
1 176 24;
1 178 22;
1 180 20;
1 182 18;
1 184 16;
1 186 14;
1 188 12;
1 190 10;
1 192 8;
1 194 6;
1 196 4;
1 198 2;
1 200 0;
