2 100 190;
2 101.414 189.989;
2 102.827 189.956;
2 104.24 189.9;
2 105.651 189.822;
2 107.061 189.723;
2 108.47 189.601;
2 109.876 189.456;
2 111.28 189.29;
2 112.681 189.102;
2 114.079 188.892;
2 115.474 188.66;
2 116.864 188.406;
2 118.251 188.13;
2 119.633 187.833;
2 121.01 187.513;
2 122.382 187.172;
2 123.749 186.81;
2 125.109 186.426;
2 126.464 186.021;
2 127.812 185.595;
2 129.153 185.148;
2 130.486 184.679;
2 131.813 184.19;
2 133.131 183.68;
2 134.441 183.149;
2 135.743 182.598;
2 137.036 182.026;
2 138.32 181.434;
2 139.594 180.823;
2 140.859 180.191;
2 142.114 179.539;
2 143.358 178.868;
2 144.591 178.177;
2 145.814 177.467;
2 147.025 176.738;
2 148.224 175.99;
2 149.412 175.223;
2 150.587 174.437;
2 151.75 173.633;
2 152.901 172.812;
2 154.038 171.972;
2 155.162 171.114;
2 156.272 170.239;
2 157.368 169.346;
2 158.45 168.437;
2 159.518 167.51;
2 160.571 166.567;
2 161.609 165.607;
2 162.632 164.631;
2 163.64 163.64;
2 164.631 162.632;
2 165.607 161.609;
2 166.567 160.571;
2 167.51 159.518;
2 168.436 158.45;
2 169.346 157.368;
2 170.239 156.272;
2 171.114 155.162;
2 171.972 154.038;
2 172.811 152.901;
2 173.633 151.751;
2 174.437 150.588;
2 175.223 149.412;
2 175.989 148.224;
2 176.738 147.025;
2 177.467 145.814;
2 178.177 144.591;
2 178.868 143.358;
2 179.539 142.114;
2 180.191 140.859;
2 180.822 139.595;
2 181.434 138.32;
2 182.026 137.036;
2 182.598 135.743;
2 183.149 134.442;
2 183.68 133.131;
2 184.19 131.813;
2 184.679 130.486;
2 185.148 129.153;
2 185.595 127.812;
2 186.021 126.464;
2 186.426 125.109;
2 186.81 123.749;
2 187.172 122.382;
2 187.513 121.01;
2 187.832 119.633;
2 188.13 118.251;
2 188.406 116.864;
2 188.66 115.474;
2 188.892 114.079;
2 189.102 112.681;
2 189.29 111.28;
2 189.456 109.876;
2 189.601 108.47;
2 189.723 107.061;
2 189.822 105.651;
2 189.9 104.24;
2 189.956 102.827;
2 189.989 101.414;
2 190 100;
2 189.989 98.5865;
2 189.956 97.1731;
2 189.9 95.7605;
2 189.822 94.349;
2 189.723 92.9388;
2 189.601 91.5304;
2 189.456 90.124;
2 189.29 88.7201;
2 189.102 87.319;
2 188.892 85.921;
2 188.66 84.5265;
2 188.406 83.1358;
2 188.13 81.7493;
2 187.833 80.3672;
2 187.513 78.99;
2 187.173 77.618;
2 186.81 76.2516;
2 186.426 74.8909;
2 186.021 73.5365;
2 185.595 72.1886;
2 185.148 70.8476;
2 184.679 69.5137;
2 184.19 68.1874;
2 183.68 66.8689;
2 183.149 65.5586;
2 182.598 64.2568;
2 182.026 62.9638;
2 181.434 61.68;
2 180.823 60.4056;
2 180.191 59.141;
2 179.539 57.8864;
2 178.868 56.6423;
2 178.177 55.4089;
2 177.467 54.1864;
2 176.738 52.9753;
2 175.99 51.7757;
2 175.223 50.5881;
2 174.437 49.4126;
2 173.634 48.2497;
2 172.812 47.0995;
2 171.972 45.9623;
2 171.114 44.8385;
2 170.239 43.7283;
2 169.346 42.632;
2 168.437 41.5498;
2 167.51 40.4821;
2 166.567 39.429;
2 165.607 38.3909;
2 164.632 37.368;
2 163.64 36.3605;
2 162.632 35.3688;
2 161.609 34.3929;
2 160.571 33.4333;
2 159.518 32.4901;
2 158.45 31.5636;
2 157.368 30.6539;
2 156.272 29.7614;
2 155.162 28.8862;
2 154.038 28.0285;
2 152.901 27.1886;
2 151.751 26.3666;
2 150.588 25.5629;
2 149.412 24.7774;
2 148.225 24.0106;
2 147.025 23.2625;
2 145.814 22.5333;
2 144.591 21.8233;
2 143.358 21.1325;
2 142.114 20.4612;
2 140.859 19.8095;
2 139.595 19.1776;
2 138.32 18.5657;
2 137.036 17.9738;
2 135.743 17.4022;
2 134.442 16.8509;
2 133.131 16.3202;
2 131.813 15.8101;
2 130.487 15.3208;
2 129.153 14.8524;
2 127.812 14.405;
2 126.464 13.9787;
2 125.109 13.5736;
2 123.749 13.1899;
2 122.382 12.8276;
2 121.01 12.4868;
2 119.633 12.1675;
2 118.251 11.87;
2 116.865 11.5942;
2 115.474 11.3402;
2 114.079 11.1081;
2 112.681 10.8979;
2 111.28 10.7097;
2 109.876 10.5435;
2 108.47 10.3994;
2 107.062 10.2775;
2 105.651 10.1776;
2 104.24 10.0999;
2 102.827 10.0444;
2 101.414 10.0111;
2 100 10;
2 98.5866 10.0111;
2 97.1733 10.0444;
2 95.7607 10.0999;
2 94.3491 10.1776;
2 92.9389 10.2774;
2 91.5305 10.3994;
2 90.1242 10.5435;
2 88.7203 10.7096;
2 87.3191 10.8978;
2 85.9211 11.108;
2 84.5266 11.3401;
2 83.1359 11.5941;
2 81.7494 11.8699;
2 80.3673 12.1674;
2 78.9902 12.4866;
2 77.6181 12.8275;
2 76.2517 13.1898;
2 74.891 13.5735;
2 73.5366 13.9786;
2 72.1887 14.4048;
2 70.8477 14.8522;
2 69.5138 15.3206;
2 68.1875 15.8099;
2 66.869 16.32;
2 65.5587 16.8507;
2 64.2569 17.402;
2 62.9639 17.9736;
2 61.6801 18.5655;
2 60.4057 19.1774;
2 59.1411 19.8093;
2 57.8866 20.461;
2 56.6424 21.1323;
2 55.409 21.823;
2 54.1865 22.5331;
2 52.9754 23.2622;
2 51.7758 24.0103;
2 50.5882 24.7772;
2 49.4127 25.5626;
2 48.2497 26.3664;
2 47.0995 27.1883;
2 45.9624 28.0282;
2 44.8386 28.8859;
2 43.7284 29.7611;
2 42.6321 30.6536;
2 41.5499 31.5633;
2 40.4822 32.4898;
2 39.4291 33.433;
2 38.391 34.3926;
2 37.3681 35.3684;
2 36.3606 36.3602;
2 35.3688 37.3676;
2 34.393 38.3905;
2 33.4334 39.4287;
2 32.4902 40.4817;
2 31.5637 41.5494;
2 30.654 42.6316;
2 29.7615 43.7279;
2 28.8862 44.8381;
2 28.0286 45.9619;
2 27.1886 47.0991;
2 26.3667 48.2493;
2 25.5629 49.4123;
2 24.7775 50.5877;
2 24.0107 51.7753;
2 23.2626 52.9748;
2 22.5334 54.186;
2 21.8233 55.4084;
2 21.1326 56.6419;
2 20.4613 57.886;
2 19.8096 59.1406;
2 19.1777 60.4052;
2 18.5657 61.6796;
2 17.9738 62.9634;
2 17.4022 64.2564;
2 16.851 65.5582;
2 16.3202 66.8685;
2 15.8102 68.187;
2 15.3208 69.5133;
2 14.8524 70.8471;
2 14.405 72.1882;
2 13.9787 73.5361;
2 13.5737 74.8905;
2 13.1899 76.2511;
2 12.8276 77.6176;
2 12.4868 78.9896;
2 12.1676 80.3668;
2 11.87 81.7488;
2 11.5942 83.1353;
2 11.3402 84.526;
2 11.1081 85.9205;
2 10.8979 87.3185;
2 10.7097 88.7197;
2 10.5436 90.1236;
2 10.3995 91.5299;
2 10.2775 92.9383;
2 10.1776 94.3485;
2 10.0999 95.7601;
2 10.0444 97.1727;
2 10.0111 98.586;
2 10 99.9996;
2 10.0111 101.413;
2 10.0444 102.827;
2 10.0999 104.239;
2 10.1776 105.651;
2 10.2774 107.061;
2 10.3994 108.469;
2 10.5435 109.876;
2 10.7096 111.28;
2 10.8978 112.681;
2 11.108 114.079;
2 11.3401 115.473;
2 11.5941 116.864;
2 11.8699 118.25;
2 12.1674 119.633;
2 12.4866 121.01;
2 12.8274 122.382;
2 13.1897 123.748;
2 13.5735 125.109;
2 13.9785 126.463;
2 14.4048 127.811;
2 14.8522 129.152;
2 15.3206 130.486;
2 15.8099 131.812;
2 16.32 133.131;
2 16.8507 134.441;
2 17.4019 135.743;
2 17.9735 137.036;
2 18.5654 138.32;
2 19.1774 139.594;
2 19.8092 140.859;
2 20.4609 142.113;
2 21.1322 143.357;
2 21.823 144.591;
2 22.533 145.813;
2 23.2622 147.025;
2 24.0103 148.224;
2 24.7771 149.412;
2 25.5625 150.587;
2 26.3663 151.75;
2 27.1882 152.9;
2 28.0281 154.037;
2 28.8858 155.161;
2 29.761 156.272;
2 30.6535 157.368;
2 31.5632 158.45;
2 32.4897 159.518;
2 33.4329 160.571;
2 34.3925 161.609;
2 35.3683 162.632;
2 36.3601 163.639;
2 37.3675 164.631;
2 38.3905 165.607;
2 39.4286 166.567;
2 40.4816 167.51;
2 41.5494 168.436;
2 42.6315 169.346;
2 43.7278 170.238;
2 44.838 171.114;
2 45.9619 171.971;
2 47.099 172.811;
2 48.2492 173.633;
2 49.4122 174.437;
2 50.5876 175.222;
2 51.7752 175.989;
2 52.9747 176.737;
2 54.1859 177.467;
2 55.4083 178.177;
2 56.6418 178.867;
2 57.8859 179.539;
2 59.1405 180.19;
2 60.4051 180.822;
2 61.6795 181.434;
2 62.9633 182.026;
2 64.2563 182.598;
2 65.5581 183.149;
2 66.8684 183.68;
2 68.1869 184.19;
2 69.5132 184.679;
2 70.847 185.148;
2 72.188 185.595;
2 73.5359 186.021;
2 74.8904 186.426;
2 76.251 186.81;
2 77.6175 187.172;
2 78.9895 187.513;
2 80.3667 187.832;
2 81.7487 188.13;
2 83.1352 188.406;
2 84.5259 188.66;
2 85.9204 188.892;
2 87.3184 189.102;
2 88.7195 189.29;
2 90.1234 189.456;
2 91.5298 189.601;
2 92.9382 189.723;
2 94.3484 189.822;
2 95.7599 189.9;
2 97.1726 189.956;
2 98.5859 189.989;
2 100 190;
2 99.9995 190;
