311 371 267 228;
311 260 334 307;
387 272 375 260;
200 396 328 354;
221 387 203 383;
377 379 210 237;
211 314 246 375;
330 212 378 380;
233 203 282 321;
300 356 321 324;
280 249 240 289;
264 345 376 201;
313 345 392 382;
369 201 259 351;
208 389 328 281;
324 352 226 347;
309 336 248 350;
241 352 209 368;
284 314 252 230;
227 310 393 385;
386 285 332 205;
235 313 343 287;
211 362 370 253;
267 359 398 221;
269 279 236 266;
222 292 203 278;
246 316 291 358;
312 238 306 390;
283 374 397 342;
314 247 300 368;
344 302 320 292;
391 233 220 359;
397 383 246 277;
